let TOPOLOGY = `
0 190 227.345
0 213 782.782
0 497 863.076
0 997 758.321
1 51 279.31
1 321 818.072
1 505 686.823
1 591 404.199
1 680 130.935
1 896 594.06
2 202 276.238
2 208 492.827
2 230 506.417
2 257 385.679
2 752 435.91
2 765 424.971
2 798 354.783
3 5 220.994
3 57 594.375
3 83 248.067
3 253 556.826
3 433 161.803
3 795 342.08
4 115 1011.07
4 151 799.92
4 227 942.344
4 348 277.397
4 650 989.322
4 654 475.64
4 925 315.012
5 3 220.994
5 57 667.726
5 286 840.61
5 311 594.712
5 795 227
5 858 267.972
5 939 534.919
6 302 544.504
6 383 278.368
6 475 281.728
6 640 816.576
6 731 648.723
6 809 797.096
6 850 929.397
7 39 328.383
7 70 540.275
7 134 472.563
7 495 283.313
7 573 322.774
7 832 385.057
7 849 156.871
7 872 218.712
8 291 1011.59
8 456 1118.88
8 607 370.688
8 829 228.963
9 241 492.115
9 304 854.095
9 502 348.989
9 657 556.502
9 900 676.151
10 253 994.953
10 272 820.079
10 406 115.664
10 528 924.965
10 762 411.098
10 796 872.131
10 878 45.2121
10 886 908.538
11 522 389.659
11 580 740.544
11 758 619.194
12 32 391.8
12 43 258.713
12 402 293.907
12 693 1127.41
13 126 220.992
13 146 411.539
13 164 572.1
13 308 320.907
13 765 358.277
14 323 846.586
14 390 496.027
14 479 988.348
14 579 160.977
14 609 387.786
14 803 188.727
15 101 1062.44
15 268 444.508
15 358 980.386
15 437 748.592
15 662 923.676
15 962 385.384
15 978 279.884
15 982 899.331
16 67 624.504
16 266 609.878
16 282 348.528
16 283 613.56
16 306 458.861
16 362 57.1708
16 841 887.387
17 49 318.267
17 107 739.33
17 570 378.992
17 685 850.389
17 885 597.72
17 921 561.664
17 964 121.231
18 117 490.527
18 594 948.939
18 784 869.773
19 513 431.784
19 553 351.96
19 643 490.315
19 672 605.499
19 919 301.906
19 985 622.453
20 169 191.552
20 207 456.923
20 411 333.751
20 568 81.3396
20 958 255.77
21 357 244.167
21 504 355.51
21 639 733.491
21 678 482.435
21 697 750.536
21 837 780.065
22 284 527.877
22 458 751.301
22 766 218.383
22 848 271.987
22 886 456.795
22 914 391.508
23 160 508.395
23 204 709.994
23 300 686.973
23 432 890.098
23 524 680.322
24 53 316.585
24 105 531.036
24 147 98.6441
24 489 634.218
24 575 856.987
24 686 146.81
24 865 694.677
25 33 347.752
25 341 703.087
25 434 462.242
25 549 545.245
25 584 212.483
25 844 346.811
25 938 1038.73
26 444 672.257
26 581 755.663
26 690 171.926
26 807 441.83
26 822 280.112
26 852 220.166
26 959 536.563
27 131 246.748
27 197 617.932
27 371 464.569
27 620 314.84
27 737 236.887
27 874 358.295
28 183 324.208
28 217 432.637
28 240 149.621
28 583 765.448
28 769 438.336
28 949 864.608
29 237 301.355
29 508 251.936
29 735 640.667
29 889 510.94
29 989 133.169
30 193 243.958
30 262 493.434
30 504 371.201
30 546 586.147
30 639 618.375
31 171 918.127
31 351 424.148
31 422 171.5
31 443 699.299
31 671 624.195
31 787 457.174
31 790 818.401
32 12 391.8
32 43 140.566
32 120 345.497
32 341 554.348
32 549 396.717
32 693 896.039
33 25 347.752
33 409 610.546
33 434 349.011
33 497 619.01
33 535 419.019
33 584 139.062
34 178 457.646
34 285 267.312
34 750 389.994
34 791 694.738
34 922 823.832
34 935 470.317
35 263 856.714
35 320 756.636
35 885 298.369
35 984 85.6367
36 131 955.382
36 277 900.658
36 296 498.795
36 566 821.022
36 998 920.065
37 114 970.784
37 226 465.254
37 562 869.769
37 713 637.076
38 192 295.118
38 366 1146.18
38 461 714.126
38 632 392.164
38 823 798.715
38 999 975.115
39 7 328.383
39 303 317.091
39 495 434.221
39 780 99.99
39 872 136.603
40 200 701.916
40 389 873.138
40 756 892.061
40 847 570.698
40 862 470.118
41 180 412.29
41 246 201.663
41 346 718.282
41 400 267.989
41 408 622.661
41 600 369.087
41 967 512.232
42 64 705.633
42 123 617.007
42 196 613.641
42 273 135.947
42 404 695.496
42 551 689.956
42 928 111.536
43 12 258.713
43 32 140.566
43 402 39.1889
43 549 452.929
43 993 622.716
44 213 440.934
44 244 447.483
44 475 70.0227
44 809 634.615
45 154 377.714
45 269 835.569
45 362 768.491
45 513 618.649
45 533 571.156
45 672 765.393
45 794 815.168
46 61 358.498
46 327 367.816
46 403 218.893
46 636 706.649
46 746 108.511
46 808 354.258
47 62 53.4859
47 152 733.429
47 382 61.957
47 494 181.524
47 550 627.19
47 860 503.429
48 454 415.898
48 503 1066.15
48 532 704.339
48 540 975.422
48 879 521.418
48 901 1128.63
48 947 269.369
49 17 318.267
49 264 249.924
49 320 835.087
49 570 137.41
49 885 660.678
49 984 794.446
50 248 763.652
50 310 534.652
50 417 445.058
50 718 575.664
50 786 948.638
50 913 930.093
51 1 279.31
51 130 448.892
51 153 551.93
51 321 698.183
51 680 277.925
51 760 515.504
51 781 550.538
52 70 594.828
52 100 485.446
52 209 610.975
52 268 437.014
52 398 406.031
52 437 109.741
52 613 565.803
52 805 802.177
52 978 578.877
53 24 316.585
53 147 335.167
53 369 158.138
53 489 600.149
53 912 595.326
53 942 187.329
54 173 526.118
54 212 385.612
54 446 66.3511
54 554 473.143
54 560 734.152
55 491 325.78
55 519 191.705
55 556 211.425
55 587 467.781
55 920 601.03
55 966 231.1
56 367 505.528
56 518 641.026
56 591 456.557
56 739 573.315
56 740 690.441
56 896 174.661
56 932 456.761
57 3 594.375
57 5 667.726
57 253 578.023
57 286 179.15
57 330 522.155
57 830 676.966
58 69 516.248
58 214 219.267
58 379 870.728
58 464 579.335
58 567 741.202
58 643 948.541
58 745 202.377
58 985 1081.9
59 210 469.584
59 572 464.164
59 675 488.733
59 696 691.638
59 882 528.569
59 983 367.199
60 237 811.135
60 344 676.387
60 375 915.754
60 660 166.912
61 46 358.498
61 229 519.677
61 403 346.649
61 707 176.087
61 777 307.01
61 808 347.851
62 47 53.4859
62 382 110.866
62 605 466.846
62 830 817.547
62 860 553.313
63 175 888.303
63 259 576.485
63 730 551.204
63 756 636.841
63 810 240.893
64 42 705.633
64 123 311.681
64 144 215.94
64 187 532.512
64 273 692.562
64 305 341.264
64 325 651.837
64 404 242.843
65 149 778.096
65 226 507.366
65 291 909.496
65 456 1017.36
65 948 609.636
65 957 217.634
66 254 912.917
66 312 791.658
66 585 646.256
66 611 521.529
66 673 293.285
66 771 379.121
66 899 690.267
67 16 624.504
67 186 150.754
67 269 636.56
67 282 514.782
67 362 567.463
67 391 729.509
67 944 675.734
68 181 855.657
68 184 177.943
68 610 370.888
68 624 622.404
68 638 202.607
69 58 516.248
69 231 614.177
69 258 728.346
69 281 966.444
69 477 573.012
69 553 618.561
69 567 944.07
69 985 740.005
70 7 540.275
70 52 594.828
70 72 361.408
70 92 725.791
70 103 134.228
70 106 492.217
70 134 511.03
70 431 529.83
70 437 523.702
70 634 532.864
70 805 222.09
71 355 91.2413
71 363 650.403
71 438 249.697
71 960 690.468
71 965 527.528
72 70 361.408
72 354 412.63
72 372 350.233
72 431 190.103
72 529 739.198
72 787 229.079
72 805 493.439
72 936 599.996
73 79 766.28
73 189 281.562
73 430 446.65
73 468 259.864
73 853 663.3
73 874 919.422
74 141 92.699
74 194 493.844
74 412 317.998
74 450 490.578
74 490 845.431
74 617 780.942
74 970 765.97
75 264 898.596
75 562 417.476
75 578 358.689
75 642 365.031
75 649 747.749
75 713 389.084
76 336 907.868
76 385 693.401
76 506 830.873
76 885 837.452
76 964 616.302
77 244 1126.78
77 409 1332.58
77 475 808.018
77 538 1232.95
77 688 485.683
77 955 860.498
78 125 738.184
78 159 837.075
78 166 484.566
78 217 413.338
78 527 557.591
78 773 425.294
78 929 791.77
79 73 766.28
79 189 558.896
79 520 652.813
79 620 339.763
79 874 642.017
80 257 693.934
80 639 851.819
80 798 592.391
80 887 659.649
81 135 358.533
81 170 192.983
81 323 804.476
81 377 246.461
81 579 323.583
81 655 325.631
82 149 527.147
82 226 583.123
82 530 919.126
82 578 946.155
82 804 52.3943
83 3 248.067
83 95 930.958
83 157 959.353
83 253 489.156
83 284 413.935
83 433 152.686
84 118 468.164
84 203 832.558
84 441 407.645
84 517 772.057
84 705 801.581
84 754 579.263
84 973 563.921
85 427 654.685
85 450 672.134
85 490 221.456
85 859 545.627
85 940 572.995
86 425 660.875
86 597 549.426
86 749 224.946
86 815 209.314
86 869 417.13
86 945 520.312
86 969 484.092
87 235 358.462
87 343 807.913
87 800 816.362
87 867 626.454
88 116 614.56
88 219 439.455
88 333 180.35
88 420 426.902
88 501 678.586
88 596 441.592
88 817 128.994
89 214 489.454
89 463 673.772
89 619 663.412
89 745 616.597
89 772 374.172
90 205 417.629
90 304 672.845
90 648 431.151
90 872 264.188
90 900 389.381
91 131 569.474
91 280 535.067
91 353 535.518
91 593 460.778
91 722 794.527
91 902 748.925
92 70 725.791
92 103 804.653
92 106 939.664
92 158 658.946
92 373 554.484
93 260 295.808
93 684 996.84
93 758 486.033
93 777 235.862
93 877 766.433
94 449 884.21
94 457 897.077
94 498 791.264
94 586 453.284
94 675 1131.16
94 845 782.564
94 870 938.568
95 83 930.958
95 157 28.3947
95 284 573.944
95 766 865.755
95 914 390.798
96 132 684.648
96 448 1005
96 527 776.523
96 851 230.16
96 946 645.502
96 963 1037.07
97 148 271.019
97 220 433.305
97 516 462.005
97 637 765.569
97 755 191.082
97 917 687.608
98 303 626.422
98 499 847.165
98 502 418.375
98 511 541.07
98 565 244.449
98 780 407.072
98 900 697.408
99 309 688.662
99 379 100.286
99 463 676.082
99 745 993.16
99 931 292.29
100 52 485.446
100 398 235.016
100 546 367.175
100 613 356.097
100 776 436.319
101 15 1062.44
101 268 700.789
101 358 120.697
101 447 531.879
102 128 605.572
102 299 570.95
102 386 300.891
102 395 807.382
102 590 669.425
102 951 858.017
102 986 444.514
103 70 134.228
103 92 804.653
103 373 539.386
103 431 624.504
104 121 724.653
104 476 865.679
104 543 373.116
104 667 907.537
104 728 947.805
105 24 531.036
105 136 713.427
105 575 712.068
105 865 499.594
106 70 492.217
106 92 939.664
106 134 131.849
106 158 514.93
106 418 567.524
106 793 718.353
106 832 59.3838
107 17 739.33
107 339 749.217
107 385 1057.82
107 525 529.15
107 921 441.437
107 964 819.802
108 328 773.698
108 384 973.514
108 486 1035.65
108 692 783.295
109 423 899.237
109 531 588.469
109 666 763.136
109 759 1155.89
109 890 729.528
110 337 1214.54
110 376 701.26
110 420 727.607
110 435 533.433
110 817 664.766
110 857 698.104
111 285 643.882
111 338 20.5801
111 466 512.657
111 599 551.67
111 826 321.755
112 224 583.898
112 316 99.482
112 571 979.444
112 611 722.608
112 771 489.012
112 834 536.696
112 981 283.084
113 274 318.681
113 360 82.6291
113 479 401.166
113 824 359.277
114 37 970.784
114 226 538.396
114 263 629.284
114 713 1056.45
115 4 1011.07
115 151 457.363
115 227 91.4977
115 503 896.699
115 532 1141.9
115 918 345.123
115 947 602.87
116 88 614.56
116 138 337.633
116 333 552.475
116 435 513.432
116 501 317.486
116 542 626.423
117 18 490.527
117 594 499.135
117 625 527.109
117 736 92.0664
117 784 381.963
117 843 196.534
117 975 350.983
118 84 468.164
118 203 394.388
118 754 216.711
118 815 276.933
118 945 175.138
119 510 410.445
119 543 517.619
119 667 873.293
119 842 222.123
119 913 324.479
120 32 345.497
120 341 277.546
120 625 558.054
120 679 330.032
120 693 653.758
120 779 450.781
120 797 638.044
120 871 427.709
121 104 724.653
121 233 538.02
121 476 172.651
121 615 553.155
121 728 477.905
121 847 550.234
121 989 60.6316
122 277 375.231
122 296 211.806
122 482 606.452
122 722 528.664
123 42 617.007
123 64 311.681
123 325 842.044
123 404 105.963
123 551 972.315
123 979 691.11
124 381 704.18
124 636 623.677
124 681 566.347
124 737 654.363
124 746 581.013
125 78 738.184
125 132 140.841
125 407 750.919
125 428 492.255
125 527 513.468
125 851 765.27
125 929 177.074
126 13 220.992
126 139 429.859
126 146 339.803
126 230 889.768
126 278 864.867
126 765 500.471
126 879 614.414
127 439 348.258
127 585 605.468
127 723 793.159
127 898 315.189
127 974 549.933
127 996 356.713
128 102 605.572
128 395 230.245
128 631 549.452
128 668 119.504
128 763 520.733
128 911 397.229
128 919 528.631
128 951 654.084
129 330 584.52
129 335 294.531
129 521 714.782
129 751 748.174
129 881 425.431
130 51 448.892
130 321 937.889
130 331 32.1436
130 661 654.894
130 781 997.284
130 783 66.6433
131 27 246.748
131 36 955.382
131 91 569.474
131 197 493.721
131 280 129.202
131 371 219.798
131 566 500.858
131 593 433.775
131 998 369.209
132 96 684.648
132 125 140.841
132 137 941.744
132 428 429.025
132 448 623.823
132 851 730.185
133 135 855.827
133 236 702.303
133 609 579.705
133 655 399.76
133 732 349.521
133 840 243.404
134 7 472.563
134 70 511.03
134 106 131.849
134 832 91.3013
135 81 358.533
135 133 855.827
135 377 496.607
135 655 681.877
135 674 535.221
135 840 1089.32
136 105 713.427
136 345 737.756
136 472 903.129
136 575 105.489
136 702 128.287
136 726 640.271
136 865 227.038
137 132 941.744
137 252 760.773
137 349 531.357
137 428 585.109
137 448 890.04
137 869 356.489
138 116 337.633
138 216 552.06
138 435 283.778
138 542 756.133
138 558 671.153
138 753 558.433
138 897 522.344
139 126 429.859
139 146 368.398
139 275 495.332
139 733 629.039
139 879 655.694
140 298 787.372
140 446 680.22
140 520 109.349
140 554 230.974
140 622 558.704
140 806 416.044
140 976 477.655
141 74 92.699
141 490 808
141 598 732.822
141 768 479.451
141 811 230.964
141 891 421.968
141 940 545.724
141 970 756.331
142 277 95.3163
142 403 291.077
142 522 276.089
142 704 293.342
142 707 664.495
142 737 355.838
142 777 809.705
143 287 865.966
143 295 465.915
143 357 623.184
143 629 242.559
143 678 530.746
143 837 1022.11
144 64 215.94
144 187 502.363
144 305 451.652
144 399 142.275
144 539 742.487
145 148 1032.21
145 288 291.987
145 388 743.898
145 724 407.967
145 763 851.097
146 13 411.539
146 126 339.803
146 139 368.398
146 308 726.399
146 733 418.38
146 820 616.19
147 24 98.6441
147 53 335.167
147 390 513.457
147 574 592.151
147 686 235.838
147 803 189.206
147 912 285.905
148 97 271.019
148 145 1032.21
148 388 288.385
148 516 696.08
148 724 704.37
148 755 273.358
148 825 389.059
149 65 778.096
149 82 527.147
149 226 513.558
149 804 567.067
149 957 578.93
150 215 313.396
150 697 999.371
150 698 392.658
150 837 603.754
151 4 799.92
151 115 457.363
151 234 214.173
151 503 444.838
151 650 365.192
152 47 733.429
152 369 341.394
152 494 588.54
152 860 676.159
152 942 552.236
152 977 678.852
153 51 551.93
153 340 935.354
153 669 528.113
153 760 744.22
153 781 1094.95
154 45 377.714
154 309 743.257
154 362 690.949
154 672 560.053
154 708 413.578
154 841 752.473
154 868 422.713
155 266 161.318
155 282 204.664
155 283 82.7634
155 349 274.954
155 448 556.4
156 210 673.417
156 498 301.952
156 586 507.923
156 675 282.745
156 727 228.027
156 903 755.814
157 83 959.353
157 95 28.3947
157 253 654.238
157 766 893.553
157 886 1132.39
158 92 658.946
158 106 514.93
158 373 909.684
158 576 532.276
158 671 494.391
158 793 263.9
158 941 268.374
159 78 837.075
159 313 509.702
159 407 958.285
159 545 239.794
159 624 486.359
159 714 657.252
159 773 474.164
159 838 228.964
159 929 98.1666
160 23 508.395
160 174 646.167
160 204 208.489
160 300 268.375
160 339 633.358
160 415 333.143
161 246 492.927
161 481 802.452
161 799 263.511
161 873 841.094
161 967 143.192
162 276 989.458
162 414 452.125
162 535 691.504
162 584 611.19
162 646 411.478
162 822 371.035
163 300 464.935
163 308 169.585
163 432 713.936
163 524 458.616
163 642 312.511
163 820 337.564
164 13 572.1
164 308 889.818
164 519 712.263
164 524 358.999
164 752 829.507
164 765 358.171
165 337 179.951
165 484 137.933
165 802 780.985
165 817 459.573
166 78 484.566
166 217 156.676
166 240 581.431
166 773 61.4762
166 864 611.844
167 206 1027.78
167 351 436.812
167 644 333.164
167 709 235.921
167 816 254.746
167 828 402.753
167 833 894.119
168 291 774.058
168 364 101.07
168 469 166.285
168 607 134.662
168 948 469.652
169 20 191.552
169 207 549.305
169 411 408.545
169 512 852.638
169 544 523.123
169 658 841.797
169 665 231.431
169 926 84.9046
169 995 387.645
170 81 192.983
170 377 240.518
170 445 504.852
170 579 501.724
170 686 548.563
170 803 265.04
171 31 918.127
171 351 660.855
171 422 772.015
171 487 148.512
171 644 514.218
172 558 311.471
172 619 648.746
172 720 355.245
172 753 328.641
172 770 731.253
172 774 744.943
172 923 707.076
173 54 526.118
173 224 191.327
173 554 195.493
173 560 214.613
173 571 526.973
173 834 345.803
173 976 213.955
174 160 646.167
174 264 820.097
174 300 617.329
174 415 414.498
174 649 411.596
175 63 888.303
175 259 317.331
175 534 444.861
175 810 842.549
175 816 528.305
175 956 741.659
176 216 203.699
176 476 596.105
176 735 652.919
176 827 470.242
176 987 508.056
177 227 533.159
177 288 289.837
177 668 115.594
177 710 250.607
177 715 477.28
177 919 316.77
178 34 457.646
178 602 408.579
178 721 298.93
178 750 161.397
178 792 791.785
178 882 571.464
178 922 403.296
179 394 556.548
179 577 753.741
179 604 797.182
179 846 145.934
179 855 399.248
179 991 367.112
180 41 412.29
180 346 850.189
180 400 514.297
180 478 789.904
180 600 139.863
180 712 340.56
180 722 216.213
180 890 487.276
181 68 855.657
181 184 725.274
181 441 671.49
181 616 691.183
181 624 458.078
181 714 1231.45
182 206 1126.88
182 644 361.608
182 658 996.254
182 995 606.403
183 28 324.208
183 217 235.295
183 393 291.333
183 583 661.375
183 689 644.396
183 963 362.772
184 68 177.943
184 181 725.274
184 410 152.943
184 441 66.8123
184 486 504.596
184 610 320.45
184 692 708.866
184 840 294.897
184 973 270.385
185 614 868.578
185 622 536.654
185 676 729.178
185 884 460.407
186 67 150.754
186 269 709.845
186 533 695.063
186 944 825.581
186 986 634.348
187 64 532.512
187 144 502.363
187 273 740.729
187 539 392.518
187 856 729.774
188 238 296.472
188 534 702.551
188 615 341.991
188 747 98.2089
188 847 453.978
189 73 281.562
189 79 558.896
189 298 485.372
189 430 243.776
189 520 456.625
189 557 426.398
190 0 227.345
190 414 234.728
190 497 538.766
190 535 222.319
190 997 227.345
191 257 127.904
191 374 741.22
191 467 324.31
191 556 468.718
191 587 271.874
191 752 186.242
192 38 295.118
192 201 500.785
192 453 867.791
192 461 738.518
192 823 701.022
192 835 598.872
193 30 243.958
193 262 477.926
193 361 372.299
193 546 342.453
193 776 357.331
194 74 493.844
194 276 291.452
194 412 175.873
194 617 731.62
194 646 582.246
195 225 339.661
195 548 495.405
195 757 426.21
195 835 340.195
195 875 508.624
195 987 477.278
196 42 613.641
196 401 635.51
196 551 530.393
196 928 507.999
197 27 617.932
197 131 493.721
197 277 668.982
197 566 97.6253
197 737 627.036
198 434 692.296
198 844 627.033
198 988 434.568
199 211 387.509
199 453 196.984
199 470 516.367
199 738 651.496
199 971 199.307
199 993 491.375
200 40 701.916
200 332 342.191
200 493 493.894
200 756 495.419
200 862 562.322
201 192 500.785
201 453 589.823
201 738 195.806
201 835 113.106
201 875 147.538
202 2 276.238
202 208 386.479
202 230 600.283
202 278 571.926
202 334 267.505
202 569 397.736
203 84 832.558
203 118 394.388
203 705 657.668
203 716 220.916
203 741 559.875
203 815 651.706
204 23 709.994
204 160 208.489
204 339 806.07
204 483 1029.16
204 500 977.569
204 519 660.903
204 524 174.422
204 634 438.459
204 920 240.474
205 90 417.629
205 319 378.844
205 648 784.345
205 872 675.715
206 167 1027.78
206 182 1126.88
206 644 820.538
206 658 131.252
206 816 1087.6
206 952 936.129
206 956 967.466
207 20 456.923
207 169 549.305
207 512 307.356
207 629 429.596
207 958 545.903
208 2 492.827
208 202 386.479
208 569 11.538
208 798 518.237
208 895 639.921
209 52 610.975
209 354 654.723
209 398 206.078
209 805 263.735
209 936 803.049
210 59 469.584
210 156 673.417
210 675 955.792
210 696 638.911
210 727 900.126
210 873 451.212
211 199 387.509
211 402 775.721
211 453 273.428
211 461 518.698
211 915 134.434
211 993 219.566
211 999 562.406
212 54 385.612
212 332 397.336
212 430 139.033
212 446 414.604
212 557 563.822
212 560 383.432
212 893 548.83
213 0 782.782
213 44 440.934
213 244 368.141
213 409 594.196
213 497 528.038
213 809 215.112
213 814 93.173
213 997 181.227
214 58 219.267
214 89 489.454
214 464 360.867
214 484 841.251
214 745 155.204
214 772 389.088
215 150 313.396
215 295 538.773
215 421 95.1373
215 559 100.259
215 697 688.365
215 698 280.779
216 138 552.06
216 176 203.699
216 245 640.723
216 735 830.648
216 753 194.526
216 827 637.228
216 897 520.454
217 28 432.637
217 78 413.338
217 166 156.676
217 183 235.295
217 240 431.826
217 527 210.345
217 963 454.188
218 255 503.423
218 317 551.507
218 367 221.879
218 595 147.67
218 677 658.44
218 739 256.622
218 954 546.505
218 974 214.755
219 88 439.455
219 223 176.398
219 333 259.539
219 526 826.723
219 596 47.9559
219 888 538.211
219 968 373.399
220 97 433.305
220 226 297.394
220 479 760.967
220 637 449.659
220 755 520.46
221 742 181.5
221 767 840.38
221 848 634.197
221 891 1036.66
221 970 204.21
221 980 876.436
222 359 874.753
222 571 982.046
222 652 661.27
222 819 608.456
222 866 482.503
223 219 176.398
223 421 348.158
223 697 432.157
223 888 431.109
223 895 335.32
223 968 505.657
223 994 313.519
224 112 583.898
224 173 191.327
224 661 97.6919
224 806 283.34
224 834 229.011
224 976 402.799
224 981 673.299
225 195 339.661
225 248 298.701
225 473 748.684
225 548 176.643
225 875 169.262
225 971 380.033
226 37 465.254
226 65 507.366
226 82 583.123
226 114 538.396
226 149 513.558
226 220 297.394
226 263 511.474
226 479 506.159
226 562 411.772
226 578 418.146
226 755 477.877
226 948 425.467
227 4 942.344
227 115 91.4977
227 177 533.159
227 348 686.552
227 477 574.464
227 710 664.862
227 715 551.419
227 906 844.511
227 918 255.738
228 302 161.084
228 414 538.802
228 640 352.828
228 646 616.118
228 742 326.444
228 814 629.799
228 997 551.509
229 61 519.677
229 378 474.418
229 657 441.878
229 777 817.967
229 808 175.506
229 937 804.884
230 2 506.417
230 126 889.768
230 202 600.283
230 278 150.826
230 765 448.234
231 69 614.177
231 281 687.433
231 477 329.306
231 540 516.31
231 918 369.411
232 249 411.988
232 531 180.865
232 666 333.161
232 922 350.03
232 927 386.383
232 935 870.631
233 121 538.02
233 615 320.271
233 747 564.967
233 889 796.317
233 989 492.46
234 151 214.173
234 271 386.867
234 275 631.312
234 503 401.56
234 564 614.723
234 650 538.772
234 725 526.383
234 909 635.864
234 925 516.985
235 87 358.462
235 492 246.886
235 547 361.41
235 709 328.525
235 730 464.056
235 800 983.653
235 818 238.454
235 828 390.838
235 867 605.964
236 133 702.303
236 328 97.412
236 609 139.712
236 732 730.41
236 839 790.101
237 29 301.355
237 60 811.135
237 344 1022.46
237 375 844.559
237 438 915.869
237 508 552.952
237 606 331.52
237 889 687.039
238 188 296.472
238 259 337.417
238 534 406.194
238 756 515.379
238 847 461.796
239 342 468.949
239 614 377.989
239 628 579.085
239 676 561.736
239 863 92.2107
240 28 149.621
240 166 581.431
240 217 431.826
240 769 310.344
240 864 31.9515
241 9 492.115
241 304 944.191
241 657 208.27
241 684 221.134
241 777 754.596
241 877 120.374
242 460 1118.37
242 465 696.188
242 514 819.417
242 612 435.688
242 864 389.113
243 261 1020.6
243 462 296.101
243 791 843.017
243 812 473.369
243 935 661.968
244 44 447.483
244 77 1126.78
244 213 368.141
244 409 226.703
244 475 383.8
245 216 640.723
245 753 737.776
245 774 216.472
245 827 329.976
246 41 201.663
246 161 492.927
246 346 533.92
246 423 333.669
246 481 464.812
246 734 362.147
246 967 449.886
247 314 774.49
247 473 796.593
247 474 484.366
247 589 741.145
247 807 436.759
247 854 616.812
247 971 320.006
247 990 664.133
248 50 763.652
248 225 298.701
248 417 503.886
248 473 451.39
248 488 486.832
248 548 418.081
248 729 261.786
248 786 363.047
249 232 411.988
249 462 176.054
249 531 586.995
249 935 466.32
250 265 1083.05
250 360 417.303
250 416 1099.79
250 479 68.7489
250 631 686.596
250 637 564.847
250 943 717.918
251 355 687.062
251 544 561.907
251 658 935.681
251 926 269.04
251 952 129.272
252 137 760.773
252 428 495.142
252 441 524.764
252 616 116.676
252 869 410.987
252 945 510.572
253 3 556.826
253 10 994.953
253 57 578.023
253 83 489.156
253 157 654.238
253 886 690.619
254 66 912.917
254 585 278.095
254 898 648.781
254 899 471.46
255 218 503.423
255 317 48.7261
255 436 346.346
255 444 461.22
255 450 292.345
255 677 162.835
255 859 399.064
256 475 145.403
256 521 359.016
256 538 350.159
256 633 297.424
256 850 660.546
257 2 385.679
257 80 693.934
257 191 127.904
257 262 449.527
257 374 861.502
257 639 292.251
257 752 59.9402
257 798 198.984
258 69 728.346
258 477 361.866
258 553 589.76
258 715 685.05
259 63 576.485
259 175 317.331
259 238 337.417
259 534 138.058
259 756 183.395
260 93 295.808
260 319 174.303
260 424 648.013
260 580 846.099
260 648 313.895
260 758 218.93
260 877 488.559
261 243 1020.6
261 285 884.494
261 338 681.53
261 791 301.2
261 812 729.434
262 30 493.434
262 193 477.926
262 257 449.527
262 361 835.532
262 374 728.173
262 639 712.657
262 861 590.623
263 35 856.714
263 114 629.284
263 226 511.474
263 320 610.765
263 479 939.476
263 713 1069.41
264 49 249.924
264 75 898.596
264 174 820.097
264 320 1001.72
264 415 853.789
264 570 339.921
264 649 966.763
264 713 1282.88
265 250 1083.05
265 425 913.286
265 597 319.68
265 631 734.098
265 749 900.31
265 943 849.492
266 16 609.878
266 155 161.318
266 283 113.592
266 306 840.812
266 448 636.884
266 594 831.328
266 689 377.323
266 946 96.1301
267 387 157.109
267 440 416.538
267 679 538.368
267 871 517.161
268 15 444.508
268 52 437.014
268 101 700.789
268 392 225.078
268 447 534.202
268 613 159.643
268 978 190.67
269 45 835.569
269 67 636.56
269 186 709.845
269 362 70.492
269 533 361.36
270 394 177.378
270 536 357.065
270 555 573.61
270 699 433.368
270 801 649.093
270 933 497.979
271 234 386.867
271 275 866.218
271 530 581.118
271 564 251.86
271 578 99.9448
271 642 471.061
271 820 229.917
272 10 820.079
272 528 523.14
272 727 625.99
272 799 251.972
272 878 858.534
273 42 135.947
273 64 692.562
273 187 740.729
273 343 490.933
273 401 149.984
273 800 56.0887
273 828 613.196
273 856 290.652
273 928 149.675
274 113 318.681
274 479 674.524
274 651 656.276
274 716 644.981
274 741 442.803
274 824 525.972
275 139 495.332
275 234 631.312
275 271 866.218
275 733 248.401
275 820 711.458
275 879 866.28
275 909 311.581
276 162 989.458
276 194 291.452
276 617 512.016
276 646 640.864
276 690 471.049
276 822 641.924
277 36 900.658
277 122 375.231
277 142 95.3163
277 197 668.982
277 296 569.662
277 482 344.168
277 566 707.937
277 704 326.473
277 737 261.599
278 126 864.867
278 202 571.926
278 230 150.826
278 334 528.873
278 603 540.6
278 879 662.77
279 352 383.248
279 577 427.119
279 846 790.086
279 863 450.47
280 91 535.067
280 131 129.202
280 296 583.676
280 722 263.985
280 998 483.586
281 69 966.444
281 231 687.433
281 464 646.659
281 540 259.35
281 567 40.7413
281 901 316.111
282 16 348.528
282 67 514.782
282 155 204.664
282 283 268.465
282 349 147.881
282 391 645.513
283 16 613.56
283 155 82.7634
283 266 113.592
283 282 268.465
284 22 527.877
284 83 413.935
284 95 573.944
284 307 50.4526
284 433 499.668
284 848 472.914
284 914 386.16
285 34 267.312
285 111 643.882
285 261 884.494
285 338 650.336
285 750 652.028
285 791 834.301
285 826 816.116
285 894 556.39
286 5 840.61
286 57 179.15
286 311 260.165
286 330 682.548
286 335 731.144
286 905 670.584
287 143 865.966
287 357 678.405
287 411 480.875
287 529 377.038
287 568 616.862
287 629 691.65
288 145 291.987
288 177 289.837
288 388 601.301
288 469 323.153
288 668 312.5
288 710 190.549
288 763 946.787
288 906 770.845
289 538 948.537
289 633 304.717
289 775 357.157
289 880 180.55
290 465 531.075
290 480 529.325
290 743 186.882
290 860 351.327
290 977 601.246
291 8 1011.59
291 65 909.496
291 168 774.058
291 456 108.016
291 607 643.084
291 948 578.459
292 327 553.158
292 343 858.456
292 541 167.993
292 808 611.313
292 856 936.196
292 910 128.636
293 342 675.805
293 353 391.009
293 370 914.449
293 593 286.901
293 695 521.949
293 902 577.997
294 466 797.843
294 599 456.952
294 680 635.178
294 760 444.673
294 826 897.195
295 143 465.915
295 215 538.773
295 426 740.728
295 559 480.104
295 629 263.076
295 698 629.644
295 837 697.407
296 36 498.795
296 122 211.806
296 277 569.662
296 280 583.676
296 722 740.198
296 998 634.451
297 322 355.546
297 449 804.434
297 598 881.5
297 811 309.471
297 870 867.704
297 891 498.377
298 140 787.372
298 189 485.372
298 446 601.249
298 520 857.538
298 557 851.416
299 102 570.95
299 386 833.827
299 395 274.239
299 523 210.763
299 631 757.951
300 23 686.973
300 160 268.375
300 163 464.935
300 174 617.329
300 432 652.769
300 642 269.668
300 649 925.306
301 379 735.56
301 643 46.6809
301 672 530.795
302 6 544.504
302 228 161.084
302 640 356.277
302 809 635.489
302 814 519.542
303 39 317.091
303 98 626.422
303 780 233.87
303 872 216.872
303 900 380.764
304 9 854.095
304 90 672.845
304 241 944.191
304 424 843.572
304 648 592.978
304 877 849.302
304 900 520.135
305 64 341.264
305 144 451.652
305 325 973.606
305 399 485.533
305 405 174.761
305 499 805.701
305 565 862.824
305 904 862.219
306 16 458.861
306 266 840.812
306 594 314.378
306 708 166.36
306 841 1048.88
307 284 50.4526
307 433 485.564
307 795 99.0434
307 848 422.773
307 939 237.683
307 980 731.955
308 13 320.907
308 146 726.399
308 163 169.585
308 164 889.818
308 524 608.398
308 820 459.441
309 99 688.662
309 154 743.257
309 379 660.055
309 672 464.736
309 708 722.834
309 868 580.103
309 931 553.414
310 50 534.652
310 413 404.064
310 417 261.989
310 718 133.491
310 954 580.294
310 974 335.015
310 996 443.642
311 5 594.712
311 286 260.165
311 452 422.649
311 640 503.168
311 858 330.365
311 905 501.988
312 66 791.658
312 585 177.225
312 645 740.102
312 673 501.04
312 783 171.525
313 159 509.702
313 407 449.604
313 616 239.527
313 714 820.751
314 247 774.49
314 473 96.1843
314 621 805.84
314 807 706.725
315 331 382.035
315 748 288.927
315 781 648.151
315 801 492.836
315 933 164.939
316 112 99.482
316 673 594.476
316 771 469.447
316 783 597.299
316 981 373.588
317 218 551.507
317 255 48.7261
317 367 395.004
317 436 382.02
317 896 503.864
318 333 269.849
318 588 703.699
318 660 331.53
318 764 606.296
318 968 355.403
318 994 210.01
319 205 378.844
319 260 174.303
319 482 742.404
319 580 746.467
319 648 406.583
319 722 666.529
319 872 407.685
320 35 756.636
320 49 835.087
320 263 610.765
320 264 1001.72
320 713 933.547
320 984 804.824
321 1 818.072
321 51 698.183
321 130 937.889
321 591 438.598
321 645 603.634
321 647 879.431
321 783 938.866
322 297 355.546
322 458 205.418
322 767 377.801
322 845 338.865
322 870 593.847
322 891 311.856
323 14 846.586
323 81 804.476
323 579 949.929
323 609 618.85
323 655 824.858
324 451 683.238
324 460 208.057
324 465 644.049
324 480 392.969
324 582 595.887
324 627 997.352
324 880 724.677
325 64 651.837
325 123 842.044
325 305 973.606
325 405 862.576
325 904 470.557
325 979 841.516
326 656 1123.6
326 674 438.674
326 831 984.181
326 836 554.654
326 840 1076.07
326 950 813.276
327 46 367.816
327 292 553.158
327 492 827.674
327 541 550.926
327 681 714.695
327 746 471.554
327 808 517.613
328 108 773.698
328 236 97.412
328 384 745.956
328 459 698.958
328 609 234.452
328 692 40.7068
328 741 394.876
328 839 855.476
329 422 712.051
329 487 20.625
329 529 864.172
329 706 89.0901
329 787 654.039
330 57 522.155
330 129 584.52
330 286 682.548
330 335 311.96
330 751 714.601
330 782 546.421
330 830 528.32
331 130 32.1436
331 315 382.035
331 661 686.684
331 703 324.911
331 748 666.881
331 781 1029.09
332 200 342.191
332 212 397.336
332 389 777.543
332 430 416.638
332 493 334.057
332 862 682.237
332 893 163.147
333 88 180.35
333 116 552.475
333 219 259.539
333 318 269.849
333 542 180.05
333 764 622.022
333 968 580.8
334 202 267.505
334 278 528.873
334 526 440.206
334 569 154.667
334 603 675.234
334 719 290.355
334 888 157.1
335 129 294.531
335 286 731.144
335 330 311.96
335 521 550.675
335 731 388.876
335 905 541.742
336 76 907.868
336 385 463.912
336 500 925.889
336 525 892.098
336 634 76.0379
337 110 1214.54
337 165 179.951
337 484 121.559
337 817 609.356
337 857 713.713
338 111 20.5801
338 261 681.53
338 285 650.336
338 599 561.129
338 812 575.267
339 107 749.217
339 160 633.358
339 204 806.07
339 415 304.203
339 500 618.434
339 525 922.96
339 921 922.804
340 153 935.354
340 669 408.548
340 699 397.963
340 781 739.155
341 25 703.087
341 32 554.348
341 120 277.546
341 549 315.249
341 679 585.168
341 844 436.952
341 876 308.885
341 988 334.935
342 239 468.949
342 293 675.805
342 593 497.26
342 614 730.383
342 628 110.147
342 695 226.876
343 87 807.913
343 273 490.933
343 292 858.456
343 541 691.214
343 800 454.844
343 856 211.244
343 867 190.439
344 60 676.387
344 237 1022.46
344 397 216.11
344 508 543.403
344 660 640.469
345 136 737.756
345 472 308.7
345 601 767.42
345 638 529.423
345 726 344.668
345 831 689.814
346 41 718.282
346 180 850.189
346 246 533.92
346 423 858.902
346 759 1077.62
346 890 670.465
347 627 1135.68
347 688 990.569
347 955 432.032
347 961 745.81
348 4 277.397
348 227 686.552
348 456 212.567
348 654 441.953
348 829 688.844
348 906 169.512
349 137 531.357
349 155 274.954
349 282 147.881
349 391 658.728
349 448 447.638
349 869 296.3
350 510 289.448
350 729 524.92
350 786 354.753
350 842 102.163
350 913 335.306
351 31 424.148
351 167 436.812
351 171 660.855
351 401 611.706
351 644 312.528
351 790 540.964
351 828 93.6827
351 833 487.075
352 279 383.248
352 555 287.453
352 676 698.228
352 846 713.615
352 863 197.348
353 91 535.518
353 293 391.009
353 370 773.718
353 722 261.087
353 902 707.586
354 72 412.63
354 209 654.723
354 372 65.2254
354 398 465.134
354 546 856.713
354 936 361.156
355 71 91.2413
355 251 687.062
355 363 582.447
355 396 605.247
355 544 402.314
355 608 527.394
355 952 588.282
355 960 666.11
356 464 325.626
356 596 360.689
356 664 225.306
356 802 421.325
356 901 405.373
357 21 244.167
357 143 623.184
357 287 678.405
357 372 597.897
357 504 131.643
357 529 839.159
357 678 455.82
358 15 980.386
358 101 120.697
358 361 619.839
358 447 421.941
358 471 512.967
358 496 321.845
358 662 494.502
358 776 796.43
359 222 874.753
359 515 803.912
359 652 686.353
359 653 509.684
359 667 990.146
359 711 433.852
359 728 999.004
359 819 491.721
360 113 82.6291
360 250 417.303
360 479 474.026
360 824 290.328
360 943 676.26
361 193 372.299
361 262 835.532
361 358 619.839
361 496 924.857
361 776 498.132
361 861 445.202
362 16 57.1708
362 45 768.491
362 67 567.463
362 154 690.949
362 269 70.492
362 841 852.998
363 71 650.403
363 355 582.447
363 396 123.376
363 534 52.9882
363 965 580.795
364 168 101.07
364 388 510.8
364 469 208.313
364 755 651.326
364 825 647.755
364 948 387.33
365 481 558.194
365 602 475.164
365 666 477.154
365 696 896.237
365 734 187.557
365 927 530.215
365 934 809.622
366 38 1146.18
366 632 857.324
366 708 631.57
366 823 364.543
366 931 575.199
367 56 505.528
367 218 221.879
367 317 395.004
367 739 107.776
367 896 352.77
368 437 35.1314
368 626 332.186
368 916 299.289
368 962 384.045
369 53 158.138
369 152 341.394
369 489 651.055
369 561 623.235
369 701 960.424
369 789 904.625
369 942 341.023
369 977 674.626
370 293 914.449
370 353 773.718
370 442 191.809
370 628 148.194
370 695 419.636
370 722 660.757
371 27 464.569
371 131 219.798
371 520 842.422
371 593 489.584
371 620 588.844
371 622 436.91
372 72 350.233
372 354 65.2254
372 357 597.897
372 504 729.507
372 529 577.879
372 546 830.721
373 92 554.484
373 103 539.386
373 158 909.684
373 431 349.155
373 443 638.861
373 941 663.657
374 191 741.22
374 257 861.502
374 262 728.173
374 467 670.186
374 861 927.371
374 982 481.369
375 60 915.754
375 237 844.559
375 438 79.5756
375 588 80.9189
375 660 955.405
376 110 701.26
376 419 324.1
376 435 457.907
376 558 278.308
376 857 304.503
377 81 246.461
377 135 496.607
377 170 240.518
377 445 400.339
377 674 383.62
378 229 474.418
378 499 683.423
378 808 551.632
378 910 662.784
378 937 993.281
379 58 870.728
379 99 100.286
379 301 735.56
379 309 660.055
379 643 728.89
379 672 219.563
379 745 898.043
380 572 442.279
380 750 215.026
380 894 435.503
380 953 372.734
380 983 401.544
381 124 704.18
381 681 141.005
381 691 248.611
381 737 488.2
381 853 208.523
381 874 129.451
382 47 61.957
382 62 110.866
382 550 574.256
382 830 758.046
383 6 278.368
383 452 159.227
383 640 855.342
383 731 790.827
383 905 1033.72
384 108 973.514
384 328 745.956
384 486 304.599
384 732 24.7535
384 839 300.089
385 76 693.401
385 107 1057.82
385 336 463.912
385 525 728.455
385 964 281.603
386 102 300.891
386 299 833.827
386 523 932.602
386 986 468.002
387 267 157.109
387 393 576.955
387 440 506.731
387 583 332.86
387 679 495.554
387 949 240.474
388 145 743.898
388 148 288.385
388 288 601.301
388 364 510.8
388 469 619.308
388 825 354.324
389 40 873.138
389 332 777.543
389 711 61.0301
389 728 909.265
389 847 881.805
389 862 464.375
389 893 899.684
390 14 496.027
390 147 513.457
390 550 378.673
390 574 369.642
390 803 347.819
390 830 574.909
390 912 579.684
391 67 729.509
391 282 645.513
391 349 658.728
391 523 1111.73
391 597 714.745
391 631 158.688
391 869 463.993
391 944 422.259
392 268 225.078
392 447 659.842
392 613 264.271
392 776 393.737
393 183 291.333
393 387 576.955
393 440 576.065
393 583 820.288
393 594 642.203
393 625 833.924
393 689 826.085
394 179 556.548
394 270 177.378
394 536 203.931
394 555 552.583
394 846 454.539
394 855 190.87
395 102 807.382
395 128 230.245
395 299 274.239
395 631 697.578
396 355 605.247
396 363 123.376
396 534 70.3874
396 608 185.574
397 344 216.11
397 508 390.929
397 542 206.691
397 660 645.235
397 764 519.391
397 897 387.117
398 52 406.031
398 100 235.016
398 209 206.078
398 354 465.134
398 546 579.245
399 144 142.275
399 305 485.533
399 499 920.632
399 539 878.8
399 910 387.131
400 41 267.989
400 180 514.297
400 408 885.949
400 600 541.574
400 712 303.892
401 196 635.51
401 273 149.984
401 351 611.706
401 551 705.757
401 790 773.58
401 828 693.142
401 928 132.317
402 12 293.907
402 43 39.1889
402 211 775.721
402 693 964.391
402 915 838.806
402 993 630.902
403 46 218.893
403 61 346.649
403 142 291.077
403 636 501.44
403 707 521.828
403 737 64.7696
404 42 695.496
404 64 242.843
404 123 105.963
405 305 174.761
405 325 862.576
405 904 835.33
406 10 115.664
406 878 158.655
406 886 792.897
406 903 348.033
407 125 750.919
407 159 958.285
407 313 449.604
407 428 281.373
407 616 661.135
407 929 879.696
408 41 622.661
408 400 885.949
408 712 615.623
408 762 687.352
408 796 454
408 967 718.366
409 33 610.546
409 77 1332.58
409 213 594.196
409 244 226.703
409 434 337.183
409 497 1076.35
409 876 593.826
409 955 473.343
409 988 660.484
410 184 152.943
410 459 319.129
410 692 641.514
410 705 750.563
410 973 298.293
411 20 333.751
411 169 408.545
411 287 480.875
411 529 828.875
411 568 415.087
411 706 36.8621
411 995 632.22
412 74 317.998
412 194 175.873
412 646 422.452
412 970 651.655
413 310 404.064
413 439 495.71
413 718 362.263
413 996 632.055
414 162 452.125
414 190 234.728
414 228 538.802
414 535 246.146
414 646 78.8735
414 997 12.9789
415 160 333.143
415 174 414.498
415 264 853.789
415 339 304.203
415 570 601.993
415 921 812.44
416 250 1099.79
416 631 789.376
416 637 790.656
416 687 870.615
416 911 752.272
416 917 209.481
417 50 445.058
417 248 503.886
417 310 261.989
417 488 642.653
417 595 289.064
417 954 823.815
418 106 567.524
418 551 540.688
418 573 289.233
418 793 336.162
418 832 583.878
419 376 324.1
419 558 360.035
419 770 868.547
419 772 473.67
419 857 157.91
420 88 426.902
420 110 727.607
420 435 354.287
420 501 480.827
420 817 297.921
421 215 95.1373
421 223 348.158
421 559 56.8448
421 697 701.857
421 994 327.21
422 31 171.5
422 171 772.015
422 329 712.051
422 487 706.171
422 787 292.232
423 109 899.237
423 246 333.669
423 346 858.902
423 563 578.71
423 666 140.286
423 734 425.374
423 759 399.019
424 260 648.013
424 304 843.572
424 648 347.153
424 877 576.958
425 86 660.875
425 265 913.286
425 651 865.891
425 749 457.98
425 815 852.445
425 824 716.656
425 943 1131.35
426 295 740.728
426 512 963.788
426 559 410.235
426 588 559.286
426 629 906.59
426 665 371.243
427 85 654.685
427 505 139.225
427 680 501.665
427 768 667.901
427 826 486.279
427 859 673.327
427 940 691.787
428 125 492.255
428 132 429.025
428 137 585.109
428 252 495.142
428 407 281.373
428 616 380.331
429 509 497.555
429 641 395.534
429 694 221.269
429 835 624.543
429 972 325.715
430 73 446.65
430 189 243.776
430 212 139.033
430 332 416.638
430 468 437.715
430 493 461.898
430 547 413.806
430 557 429.208
430 813 530.172
430 930 345.151
431 70 529.83
431 72 190.103
431 103 624.504
431 373 349.155
431 443 289.799
431 787 247.551
432 23 890.098
432 163 713.936
432 300 652.769
432 524 654.852
433 3 161.803
433 83 152.686
433 284 499.668
433 307 485.564
433 795 401.822
434 25 462.242
434 33 349.011
434 198 692.296
434 409 337.183
